000020,12.26,-1.64,10.63,1
000070,6.89,-5.93,0.96,5
000506,2.05,-14.32,-12.27,0
000543,4.36,-21.64,-17.28,0
000571,11.43,-3.70,7.73,2
000620,5.60,-5.16,0.44,1
000628,1.78,-2.04,-0.27,0
000685,5.78,-2.69,3.09,0
000686,9.21,-8.16,1.05,0
000728,15.47,-3.82,11.66,0
000759,9.20,-1.75,7.46,0
000785,5.43,-1.72,3.71,1
000802,8.59,-3.61,4.99,0
000811,7.70,-5.02,2.69,2
000821,6.54,-1.62,4.92,0
000825,9.68,-2.63,7.05,0
000875,18.47,-4.97,13.51,0
000880,9.61,-2.94,6.67,0
000886,10.16,-6.01,4.15,0
000890,5.28,-4.77,0.51,0
000902,2.35,-7.54,-5.19,0
000905,5.04,-9.72,-4.69,2
000917,2.59,-5.17,-2.58,0
000977,5.37,-2.30,3.07,0
001267,24.37,-1.75,22.61,2
001296,9.08,-1.09,7.99,3
002029,8.07,-5.55,2.52,2
002073,5.84,-1.17,4.67,0
002079,4.31,-1.73,2.58,0
002104,12.81,-5.21,7.60,0
002112,3.00,-0.69,2.31,0
002119,7.80,-1.03,6.77,0
002131,5.49,-3.23,2.25,0
002163,23.81,-4.44,19.37,1
002164,5.90,-3.06,2.84,1
002212,12.00,-1.48,10.51,0
002218,4.50,-3.04,1.46,1
002222,18.09,-3.43,14.66,2
002250,2.26,-7.27,-5.01,0
002263,3.24,-1.65,1.59,0
002264,9.16,-1.45,7.71,4
002266,3.13,-1.45,1.68,0
002295,3.51,-3.77,-0.25,2
002328,1.88,-1.06,0.82,0
002342,10.30,-1.29,9.01,0
002343,8.54,-8.11,0.43,0
002347,8.10,-3.61,4.49,1
002348,10.15,-6.14,4.01,5
002363,1.95,-2.54,-0.58,0
002370,6.23,-4.96,1.26,0
002374,7.55,-3.00,4.54,0
002404,2.93,-2.52,0.41,0
002422,2.35,-8.52,-6.16,0
002471,7.66,-2.75,4.91,0
002474,4.18,-0.55,3.63,4
002492,15.32,-0.43,14.89,1
002510,3.40,-3.45,-0.05,1
002519,2.69,-2.73,-0.04,3
002531,0.24,-4.31,-4.07,0
002536,10.70,-0.66,10.04,0
002565,1.32,-3.57,-2.25,6
002589,5.68,-4.36,1.32,4
002614,6.60,-1.56,5.04,0
002634,6.89,-22.12,-15.23,0
002657,14.14,-16.00,-1.86,0
002669,3.00,-1.52,1.48,0
002712,5.12,-0.71,4.41,1
002741,5.55,-3.81,1.74,0
002758,21.16,-7.52,13.63,0
002835,1.00,-0.33,0.67,0
002836,12.91,-0.78,12.13,1
002900,18.57,-3.08,15.49,1
002943,12.10,-4.79,7.31,1
002958,5.58,-0.54,5.05,0
002977,16.97,-7.39,9.58,3
002984,10.01,-2.71,7.30,0
002987,5.38,-2.35,3.03,0
003002,2.55,-3.85,-1.30,0
003015,6.01,-1.73,4.28,0
003016,3.66,-9.62,-5.95,1
003029,16.46,0.00,16.46,1
300006,13.57,-2.31,11.26,0
300010,12.24,-2.11,10.13,0
300024,13.68,-1.28,12.39,0
300043,6.38,-1.05,5.33,0
300051,5.20,-7.76,-2.56,0
300067,5.33,-2.86,2.46,1
300083,2.75,-3.05,-0.30,0
300118,7.14,-4.50,2.64,0
300128,7.17,-0.92,6.25,0
300137,5.38,-4.74,0.63,0
300144,7.02,-0.94,6.08,0
300185,5.20,-1.48,3.72,0
300188,7.43,-7.48,-0.05,0
300271,8.85,-3.43,5.41,0
300287,16.41,-3.00,13.41,0
300290,17.26,-4.19,13.07,1
300333,12.15,-1.89,10.26,0
300337,25.58,-3.85,21.73,1
300352,4.73,-2.08,2.65,0
300354,7.53,-2.16,5.37,0
300369,13.24,-6.15,7.09,0
300427,13.23,-3.13,10.10,2
300447,10.13,-6.22,3.91,0
300451,8.20,-0.44,7.76,0
300519,7.19,-6.64,0.55,0
300553,11.69,-2.04,9.65,2
300578,14.88,-3.64,11.24,0
300591,15.12,-1.94,13.17,0
300640,5.56,-2.81,2.75,0
300648,11.60,-2.92,8.68,0
300684,14.05,-4.81,9.23,0
300699,13.45,-3.47,9.97,0
300700,6.16,-0.26,5.90,0
300709,1.32,-4.28,-2.96,0
300724,12.36,-1.94,10.42,1
300738,5.93,-2.93,3.00,0
300740,15.02,-2.90,12.11,0
300751,7.98,-3.52,4.46,2
300757,11.81,-3.14,8.67,1
300773,11.34,-10.18,1.16,0
300812,9.72,-0.41,9.31,2
300911,18.87,-1.91,16.96,0
300939,9.31,-2.81,6.50,0
300965,12.38,-3.67,8.71,1
300984,12.65,-1.46,11.20,1
301066,13.07,-6.71,6.36,1
301092,4.98,-2.47,2.51,0
301189,7.82,-5.66,2.16,1
600027,4.20,-4.36,-0.16,0
600067,25.02,-4.51,20.51,0
600135,14.93,-11.82,3.11,0
600158,5.49,-3.33,2.17,0
600184,6.56,-2.52,4.04,0
600188,6.81,-11.57,-4.77,0
600198,6.92,-1.24,5.68,0
600226,17.23,-0.95,16.28,0
600246,10.09,-6.65,3.44,2
600250,17.92,-2.21,15.71,1
600256,2.73,-1.19,1.53,0
600331,2.23,-2.82,-0.59,0
600337,10.88,-1.05,9.83,3
600343,10.28,-2.46,7.82,4
600425,1.16,-4.17,-3.01,0
600446,8.16,-4.48,3.68,0
600456,12.75,-3.55,9.20,0
600493,21.67,0.00,21.67,1
600498,18.98,-1.75,17.23,0
600523,3.94,-3.86,0.08,0
600546,1.11,-18.36,-17.25,0
600562,7.05,-4.60,2.45,0
600575,1.43,-4.17,-2.74,0
600580,4.95,-1.21,3.74,0
600645,2.20,-25.29,-23.09,1
600651,4.87,-6.30,-1.44,0
600673,9.64,-3.86,5.78,0
600693,14.23,-1.74,12.48,3
600742,1.27,-1.05,0.22,0
600755,4.95,-6.23,-1.28,0
600800,23.08,-5.24,17.85,1
600816,8.35,-4.17,4.18,0
600843,19.64,-2.89,16.75,0
600853,14.19,-7.30,6.89,0
600895,3.21,-2.12,1.09,0
600897,17.70,-1.28,16.42,1
600905,7.71,-4.59,3.12,0
600927,4.83,-5.30,-0.47,0
600973,10.01,-4.23,5.78,2
600990,11.82,-1.96,9.86,0
600998,12.25,-1.53,10.72,0
600999,12.71,-2.33,10.38,0
601106,22.48,-1.93,20.55,2
601187,7.36,-1.57,5.79,0
601231,7.64,-5.11,2.52,1
601377,9.90,-3.62,6.28,0
601390,1.89,-5.81,-3.92,0
601528,1.14,-1.74,-0.61,0
601668,3.51,-3.30,0.21,0
601696,12.53,-4.77,7.77,1
601777,8.75,-4.80,3.95,0
601818,5.97,-1.44,4.53,0
601860,1.16,-1.40,-0.25,0
601916,5.08,-0.44,4.64,0
601933,24.84,0.00,24.84,1
601998,4.72,-7.82,-3.10,0
603023,10.85,-2.08,8.77,1
603028,0.35,-5.23,-4.88,0
603042,18.52,-5.20,13.32,1
603090,14.63,-6.35,8.28,1
603212,10.47,-7.30,3.17,1
603232,9.70,-3.92,5.78,1
603239,8.81,-1.29,7.52,0
603256,14.50,-3.92,10.59,2
603278,11.91,-0.13,11.79,1
603316,11.08,-7.22,3.86,1
603327,6.96,-3.23,3.73,3
603360,7.17,-0.46,6.71,0
603363,10.63,-3.31,7.32,0
603528,19.27,0.00,19.27,1
603610,17.14,-2.87,14.28,0
603626,9.89,-2.12,7.77,1
603660,13.16,-1.19,11.98,0
603667,9.89,-2.46,7.44,1
603668,14.17,-4.87,9.30,0
603680,4.19,-0.21,3.98,1
603686,13.16,-2.98,10.18,1
603698,20.88,0.00,20.88,1
603703,9.73,-2.98,6.75,0
603709,6.97,-10.21,-3.24,2
603738,65.38,0.00,65.38,1
603757,11.48,-5.04,6.44,0
603809,6.44,-1.76,4.67,0
603836,16.96,-12.36,4.60,0
603886,3.93,-4.74,-0.82,1
603887,1.96,-0.24,1.73,0
605058,3.47,-7.68,-4.22,0
605090,6.98,-7.00,-0.02,0
605136,13.36,-4.59,8.77,2
605168,13.93,-1.62,12.31,1
605178,11.51,-4.08,7.43,0
688027,13.99,-5.29,8.70,1
688063,5.06,-1.16,3.90,0
688097,12.98,-2.41,10.58,0
688167,10.77,-1.53,9.24,3
688187,2.65,-2.29,0.36,0
688226,15.50,-2.11,13.40,2
688257,12.27,-2.50,9.77,1
688379,9.82,-0.33,9.48,1
688390,2.91,-2.05,0.85,0
688499,8.21,-2.56,5.64,2
688500,23.02,-1.16,21.86,1
688621,0.97,-6.08,-5.11,0
688662,12.73,-1.24,11.48,1
688800,20.27,-4.97,15.30,1
001313,12.15,-3.37,8.78,0
301218,9.91,-8.17,1.75,1
600575,1.43,-4.17,-2.74,0
688325,10.22,-3.61,6.61,1
688290,13.30,-2.25,11.05,0
001309,10.13,-6.66,3.47,1
001236,6.87,-7.92,-1.05,0
001330,8.65,-2.17,6.48,2
001231,5.52,-15.78,-10.25,0
301282,17.03,-1.55,15.48,1
301205,10.05,-1.08,8.98,2
688387,15.12,-4.95,10.17,0
688291,7.31,-2.73,4.59,1
688498,18.48,-0.80,17.68,1
688506,1.57,-5.91,-4.34,0
001360,5.87,-10.67,-4.81,2
301226,6.65,-5.79,0.86,0
688627,3.62,-7.47,-3.85,0
603296,6.27,-3.30,2.97,0
301489,12.07,-3.98,8.09,0
301551,9.00,-4.79,4.21,0
301628,9.68,-1.59,8.08,0
603376,6.96,-1.38,5.58,0